270-535-9362
205-533-5678
765-215-4479
+1-260-323-9875
+1-706-368-4293
+1-801-492-8183
+1-903-435-7706
0475-6753953
0632-6655328
0898-75612206
+86-13342-154207
+86-15527-056506
+86-13456-775731
049158-7665
049157-2007
042002-3878
+61-8930-75394
+61-8532-09359
+61-8925-85506
+61-49158-1242
+61-49157-7762
+61-42002-6106
07458-839019
07893-974114
07826-039902
+44-1789-435362
+44-1724-226138
+44-1228-914713
(0299) 498 - 1559
(0299) 15 - 410 - 3993
(03757) 42 - 1556
+234-8111348839
+234-8034339813
1-800-300-5616
1-800-326-8937
1-800-547-3506
1-866-303-0706
1-800-547-2058
(56-55) 221 4794
(56-55) 221 1209

+1 787-234-5678
+970 2 223 4567
+351 21 234 5678
+680 277 1234
+595 21 234 5678
+974 4412 3456
+247 62889
+376 712 345
+971 2 234 5678
+93 23 456 7890
+1 268-460-1234
+1 264-461-2345
+355 22 345 678
+374 10 123456
+244 222 123 456
+54 11 2345-6789
+1 684-622-1234
+43 1 234567890
+262 262 16 12 34
+61 2 1234 5678
+297 521 2345
+358 18 12345678
+994 12 312 34 56
+40 21 123 4567
+387 30 123-456
+1 246-412-3456
+381 10 234567
+880 2-7111234
+7 301 123-45-67
+32 12 34 56 78
+226 20 49 12 34
+250 250 123 456
+359 2 123 456
+973 1700 1234
+257 22 20 12 34
+229 20 21 12 34
+590 590 27-1234
+1 441-234-5678
+673 234 5678
+591 2 2123456
+966 11 234 5678
+599 715 1234
+677 40123
+55 11 2345-6789
+248 4 217 123
+1 242-345-6789
+249 12 123 1234
+46 8 12 34 56
+975 2 345 678
+65 6123 4567
+267 240 1234
+290 22158
+386 1 123 45 67
+47 79 12 34 56
+375 152 45-09-11
+421 2/123 456 78
+501 222-1234
+232 22 221234
+378 (0549) 886377
+221 30 101 23 45
+252 4 012345
+1 204-234-5678
+597 211-234
+61 8 9162 1234
+211 181 234 567
+239 222 1234
+243 12 34567
+236 21 61 23 45
+503 2123 4567
+242 22 212 3456
+1 721-542-5678
+41 21 234 56 78
+225 21 23 45 67
+963 11 234 5678
+268 2217 1234
+682 21 234
+56 2 2123 4567
+237 2 22 12 34 56
+86 10 1234 5678
+57 1 2345678
+290 8999
+1 649-712-1234
+506 2212 3456
+235 22 50 12 34
+53 7 1234567
+228 22 21 23 45
+238 221 12 34
+66 2 123 4567
+599 9 415 1234
+61 8 9164 1234
+357 22 345678
+992 372 12 3456
+690 3101
+420 212 345 678
+670 211 2345
+993 12 34-56-78
+216 71 234 567
+676 20-123
+90 212 345 67 89
+1 868-221-1234
+49 30 123456
+688 20123
+886 2 2123 4567
+253 21 36 00 03
+255 22 234 5678
+45 32 12 34 56
+1 767-420-1234
+1 809-234-5678
+380 3112 34567
+256 31 2345678
+213 12 34 56 78
+1 201-555-0123
+593 2-212-3456
+372 321 2345
+20 2 34567890
+212 5288-12345
+598 2123 1234
+998 66 234 56 78
+39 06 6981 2345
+1 784-266-1234
+291 8 370 362
+34 810 12 34 56
+58 212-1234567
+251 11 111 2345
+1 284-229-1234
+1 340-642-1234
+84 210 1234 567
+678 22123
+358 13 12345678
+679 321 2345
+500 31234
+691 320 1234
+298 201234
+33 1 23 45 67 89
+681 50 12 34
+241 01 44 12 34
+44 121 234 5678
+685 22123
+1 473-269-1234
+995 322 12 34 56
+594 594 10 12 34
+44 1481 456789
+233 30 234 5678
+350 200 12345
+299 32 10 00
+220 566 1234
+224 30 24 12 34
+590 590 20-1234
+240 333 091 234
+30 21 2345 6789
+502 2245 6789
+1 671-300-1234
+245 443 201 234
+592 220 1234
+852 2123 4567
+504 2212-3456
+385 1 2345 678
+967 1 234 567
+509 22 45 3300
+36 1 234 5678
+62 61 2345678
+262 269 60 12 34
+353 22 12345
+972 2-123-4567
+44 1624 456789
+91 11 2345 6789
+246 370 9100
+27 10 123 4567
+964 1 234 5678
+98 21 2345 6789
+354 410 1234
+39 02 1234 5678
+260 21 1234567
+44 1534 456789
+263 13 12345
+1 876-512-3456
+962 6 200 1234
+81 3-1234-5678
+254 20 2012345
+996 312 123 456
+855 23 756 789
+686 31234
+269 771 23 45
+1 869-236-1234
+850 2 123 4567
+82 2-212-3456
+965 2234 5678
+1 345-222-1234
+7 712 345 6789
+856 21 212 862
+961 1 123 456
+1 758-430-5678
+423 234 56 78
+94 11 2 345678
+231 21 234 567
+266 2212 3456
+370 312 34567
+352 27 12 34 56
+371 63 123 456
+218 21-2345678
+212 520-123456
+377 99 12 34 56
+373 22 212 345
+382 30 234 567
+590 590 27-1234
+261 20 21 234 56
+692 247-1234
+389 2 221 2345
+223 20 21 23 45
+95 1 234 567
+976 5012 3456
+853 2821 2345
+1 670-234-5678
+596 596 30 12 34
+222 35 12 34 56
+1 664-491-2345
+356 2100 1234
+230 201 2345
+960 670-1234
+265 1 234 567
+52 222 123 4567
+60 3-2345 6789
+258 21 123 456
+264 61 221 234
+687 20.12.34
+227 20 20 12 34
+672 10 6609
+234 1 234 5678
+505 2123 4567
+31 10 123 4567
+47 21 23 45 67
+977 1-4567890
+674 444 1234
+683 4002
+64 3-234 5678
+968 23 123456
+507 200-1234
+51 1 1234567
+689 40 41 23 45
+675 312 3456
+63 2 123 4567
+92 21 23456789
+48 12 345 67 89
+508 41 12 34

999?
888?
777?
666?
555?
444?
333?
222?
111?